111
30 1
3 7
1 12
6 2
1 25
2 6
1 18
29 1
1 27
21 1
5 6
2 10
28 1
1 3
7 3
4 2
4 5
1 19
2 3
2 11
13 2
11 1
4 3
1 13
1 15
2 13
1 28
5 1
24 1
4 4
2 1
16 1
1 14
6 1
1 4
11 2
6 4
22 1
1 10
1 23
5 5
9 1
23 1
8 3
12 2
9 2
26 1
1 1
15 1
2 12
12 1
1 29
3 8
2 14
1 17
4 6
3 5
25 1
10 2
6 5
1 30
4 7
1 7
3 1
3 9
7 4
1 9
2 4
2 8
1 16
1 26
4 1
6 3
2 2
9 3
3 3
3 4
27 1
13 1
2 5
1 24
7 2
8 1
1 20
10 3
2 15
14 2
3 10
17 1
1 2
2 9
15 2
1 5
1 22
19 1
1 6
8 2
5 4
3 6
3 2
1 8
18 1
5 3
1 21
5 2
20 1
7 1
1 11
10 1
2 7
14 1
