73741817
546410
4096
2258
33554432
2258
262144
536870912
134217728
2097152
119310334
363314
268435456
8
546410
178
275690
524288
50
1293962
16413466
2048
2066
8192
32768
16413466
268435456
32
16777216
23858
4
65536
16384
64
16
1293962
3185462
4194304
1024
8388608
5735478
512
8388608
3507314
4608514
102010
67108864
2
32768
4608514
4096
536870912
3507314
58457426
131072
3185462
13262
33554432
363314
119310334
73741817
36806846
128
8
22512862
36806846
512
178
28642
65536
67108864
16
85126
14
22512862
322
2066
134217728
8192
634
16777216
8042
256
1048576
144506294
208199210
58457426
144506294
131072
4
102010
208199210
32
4194304
524288
64
28642
275690
85126
50
256
262144
13262
2097152
634
1048576
128
2048
1024
8042
16384
